0.0 0.0 0.0 0.0 0.0 -0.0028156457876607251 -0.0028156457876607251 -0.0028156457876607251 -0.0028156457876607251 -0.0028156457876607251 0.0 0.0 0.0 0.0 0.0 0.0 0.0 0.0 0.0 0.0 0.0 0.0 0.0 0.0 0.0 0.0 0.0 0.0 0.0 0.0 0.0 0.0 0.0 0.0 0.0 0.0 0.0 0.0 0.0 0.0 -0.00036444913649326258 -0.00036444913649326258 -0.00036444913649326258 -0.00036444913649326258 -0.00036444913649326258 0.0 0.0 0.0 0.0 0.0 
0.0 0.0 0.0 0.0 0.0 -0.0028156457876607251 -0.0056312915753214503 -0.0056312915753214503 -0.0056312915753214503 -0.0056312915753214503 -0.0028156457876607251 0.0 0.0 0.0 0.0 0.0 0.0 0.0 0.0 0.0 0.0 0.0 0.0 0.0 0.0 0.0 0.0 0.0 0.0 0.0 0.0 0.0 0.0 0.0 0.0 0.0 -0.00018222456824663129 -0.00018222456824663129 -0.00018222456824663129 -0.00018222456824663129 -0.00054667370473989384 -0.00036444913649326258 -0.00036444913649326258 -0.00036444913649326258 -0.00036444913649326258 0.0 0.0 0.0 0.0 0.0 
0.0 0.0 0.0 0.0 0.0 -0.0028156457876607251 -0.0056312915753214503 -0.011262583150642901 -0.011262583150642901 -0.011262583150642901 -0.0084469373629821754 -0.0056312915753214503 0.0 0.0 0.0 0.0 0.0 0.0 0.0 0.0 0.0 0.0 0.0 0.0 0.0 0.0 0.0 0.0 0.0 0.0 0.0 0.0 0.0 0.0 0.0 0.0 -0.00018222456824663129 -0.00054667370473989384 -0.00054667370473989384 -0.00054667370473989384 -0.00091112284123315648 -0.00072889827298652516 -0.00036444913649326258 -0.00036444913649326258 -0.00036444913649326258 0.0 0.0 0.0 0.0 0.0 
0.0 0.0 0.0 0.0 0.0 -0.0028156457876607251 -0.0056312915753214503 -0.011262583150642901 -0.014078228938303626 -0.014078228938303626 -0.011262583150642901 -0.0084469373629821754 -0.0028156457876607251 0.0 0.0 0.0 0.0 0.0 0.0090700329610266441 0.0090700329610266441 0.0090700329610266441 0.0090700329610266441 0.0090700329610266441 0.0 0.0 0.0 0.0 0.0 0.0 0.0 0.0 0.0 0.0 0.0 0.0 0.0 -0.00018222456824663129 -0.00054667370473989384 -0.00072889827298652516 -0.00072889827298652516 -0.0010933474094797877 -0.00091112284123315648 -0.00054667370473989384 -0.00036444913649326258 -0.00036444913649326258 0.0 0.0 0.0 0.0 0.0 
0.0 0.0 0.0 0.0 -0.0028156457876607251 -0.0056312915753214503 -0.0084469373629821754 -0.014078228938303626 -0.016893874725964351 -0.022510401195160568 -0.019694755407499841 -0.016879109619839117 -0.011247818044517667 -0.0084321722568569419 0.0 0.0 0.0 0.0 0.0090700329610266441 0.027210098883079931 0.027210098883079931 0.027210098883079931 0.027210098883079931 0.018140065922053288 0.0 0.0 0.0 0.0 0.0 0.0 0.0 0.0 0.0 0.0 0.0 0.0 -0.00018222456824663129 -0.00054667370473989384 -0.00072889827298652516 -0.0010933474094797877 -0.0014577965459730503 -0.001275571977726419 -0.00091112284123315648 -0.00072889827298652516 -0.00036444913649326258 0.0 0.0 0.0 0.0 0.0 
0.0 0.0 0.0 0.0 -0.0028156457876607251 -0.022985049066204521 -0.025800694853865248 -0.031431986429186702 -0.034247632216847429 -0.039864158686043642 -0.025311281876696061 -0.022495636089035334 -0.016864344513713884 -0.014048698726053159 -0.0056165264691962168 0.0 0.0 0.0 0.0090700329610266441 0.027210098883079931 0.067557530383207387 0.067557530383207387 0.067557530383207387 0.058487497422180748 0.040347431500127456 0.0 0.0 0.0 0.0 0.0 0.0 0.0 0.0 0.0 0.0 0.0 -0.00018222456824663129 -0.00054667370473989384 -0.00072889827298652516 -0.0010933474094797877 -0.0010933474094797877 -0.00091112284123315648 -0.00054667370473989384 -0.00036444913649326258 0.0 0.0 0.0 0.0 0.0 0.0 
0.0 0.0 0.0 0.0 -0.0028156457876607251 -0.022985049066204521 -0.031661927811646055 -0.037293219386967509 -0.040108865174628236 -0.045725391643824449 -0.031172514834476868 -0.025303899323633444 -0.01967260774831199 -0.016856961960651267 -0.0084247897037943251 -0.0028082632345981084 0.0 0.0 0.0090700329610266441 0.027210098883079931 0.067557530383207387 0.087731246133271115 0.087731246133271115 0.078661213172244476 0.060521147250191185 0.020173715750063728 0.0 0.0 0.0 0.0 0.0 0.0 0.0 0.0 0.0 0.0 0.0 -0.00036444913649326258 -0.00054667370473989384 -0.00091112284123315648 -0.00091112284123315648 -0.00091112284123315648 -0.00054667370473989384 -0.00036444913649326258 0.0 0.0 0.0 0.0 0.0 0.0 
0.0 0.0 -0.017353757490883071 -0.017353757490883071 -0.020169403278543795 -0.040338806557087589 -0.049015685302529123 -0.031661927811646055 -0.034477573599306782 -0.040094100068502996 -0.025541223259155421 -0.01967260774831199 -0.025289134217508211 -0.022473488429847484 -0.014041316172990542 -0.0084247897037943251 -0.0056165264691962168 0.0090700329610266441 0.018140065922053288 0.036280131844106576 0.076627563344234026 0.096801279094297754 0.11900864467237193 0.10993861171134528 0.091798545789291988 0.051451114289164539 0.031277398539100811 0.0 0.0 0.0 0.0 0.0 0.0051929632473591558 0.0051929632473591558 0.0051929632473591558 0.0051929632473591558 0.0051929632473591558 0.0 -0.00018222456824663129 -0.00054667370473989384 -0.00054667370473989384 -0.00054667370473989384 -0.00054667370473989384 -0.00036444913649326258 0.0 0.0 0.0 0.0 0.0 0.0 
0.0 0.0 -0.017353757490883071 -0.026030636236324609 -0.028846282023985328 -0.049015685302529123 -0.057692564047970657 -0.040338806557087589 -0.034470191046244165 -0.040086717515440379 -0.025533840706092804 -0.019665225195249374 -0.025281751664445594 -0.022473488429847484 -0.014041316172990542 -0.0084247897037943251 -0.0056165264691962168 0.0090700329610266441 0.0090700329610266441 0.027210098883079931 0.067557530383207387 0.087731246133271115 0.10993861171134528 0.12104229450038237 0.10290222857832908 0.062554797078201621 0.042381081328137893 0.011103682789037082 0.0 0.0 0.0 0.0 0.0051929632473591558 0.010385926494718312 0.010385926494718312 0.010385926494718312 0.010385926494718312 0.0051929632473591558 0.0 -0.00036444913649326258 -0.00036444913649326258 -0.00036444913649326258 -0.00036444913649326258 -0.00036444913649326258 0.0 0.0 0.0 0.0 0.0 0.0 
0.0 0.0 -0.017353757490883071 -0.026030636236324609 -0.043384393727207676 -0.063553797005751464 -0.072230675751193005 -0.05487691826030993 -0.049008302749466506 -0.031654545258583439 -0.017101668449235861 -0.011233052938392434 -0.01684957940758865 -0.014041316172990542 -0.014041316172990542 -0.0084247897037943251 -0.0056165264691962168 0.0090700329610266441 0.0090700329610266441 0.031277398539100811 0.07162483003922826 0.091798545789291988 0.11400591136736615 0.12510959415640324 0.10290222857832908 0.062554797078201621 0.042381081328137893 0.011103682789037082 0.0 0.0 0.0 0.0 0.0051929632473591558 0.010385926494718312 0.026731466630900893 0.026731466630900893 0.026731466630900893 0.021538503383541737 0.016345540136182581 0.0 0.0 0.0 0.0 0.0 -0.017728114101034316 -0.017728114101034316 -0.017728114101034316 -0.017728114101034316 -0.017728114101034316 0.0 
0.0 0.0 -0.017353757490883071 -0.026030636236324609 -0.043384393727207676 -0.043384393727207676 -0.05206127247264921 -0.034707514981766142 -0.028838899470922712 -0.011485141980039644 -0.011485141980039644 -0.0056165264691962168 -0.011233052938392434 -0.0084247897037943251 -0.0084247897037943251 -0.0084247897037943251 -0.0056165264691962168 0.0090700329610266441 0.0090700329610266441 0.031277398539100811 0.031277398539100811 0.051451114289164539 0.073658479867238696 0.084762162656275786 0.062554797078201621 0.062554797078201621 0.042381081328137893 0.011103682789037082 0.0 0.0 0.0051929632473591558 0.0051929632473591558 0.010385926494718312 0.015578889742077467 0.031924429878260052 0.037884043519724318 0.037884043519724318 0.032691080272365163 0.027498117025006007 0.011152576888823425 -0.017728114101034316 -0.017728114101034316 -0.017728114101034316 -0.017728114101034316 -0.035456228202068632 -0.017728114101034316 -0.017728114101034316 -0.017728114101034316 -0.017728114101034316 0.0 
0.0 0.0 -0.017353757490883071 -0.026030636236324609 -0.043384393727207676 -0.043384393727207676 -0.043384393727207676 -0.026030636236324609 -0.020162020725481178 -0.0028082632345981084 -0.0028082632345981084 -0.0028082632345981084 -0.0084247897037943251 -0.0056165264691962168 -0.0056165264691962168 -0.0056165264691962168 -0.0056165264691962168 0.0090700329610266441 0.0090700329610266441 0.031277398539100811 0.031277398539100811 0.031277398539100811 0.053484764117174975 0.064588446906212058 0.042381081328137893 0.042381081328137893 0.042381081328137893 0.011103682789037082 0.0 0.0 0.0051929632473591558 0.010385926494718312 0.015578889742077467 0.020771852989436623 0.037117393125619208 0.043077006767083474 0.040863850340456455 0.035670887093097299 0.030477923845738143 0.01413238370955556 -0.014748307280302181 -0.026592171151551474 -0.026592171151551474 -0.026592171151551474 -0.044320285252585787 -0.026592171151551474 -0.017728114101034316 -0.017728114101034316 -0.017728114101034316 0.0 
0.0 0.0 0.0 -0.0086768787454415356 -0.026030636236324609 -0.026030636236324609 -0.026030636236324609 -0.026030636236324609 -0.020162020725481178 -0.0028082632345981084 -0.0028082632345981084 -0.0028082632345981084 -0.0028082632345981084 0.0 0.0 0.0 0.0 0.0 0.0 0.022207365578074165 0.022207365578074165 0.022207365578074165 0.022207365578074165 0.033311048367111247 0.011103682789037082 0.011103682789037082 0.011103682789037082 0.011103682789037082 0.0 0.0 0.0051929632473591558 0.010385926494718312 0.021538503383541737 0.026731466630900893 0.043077006767083474 0.049036620408547747 0.046823463981920728 0.035670887093097299 0.030477923845738143 0.01413238370955556 -0.014748307280302181 -0.026592171151551474 -0.044320285252585787 -0.044320285252585787 -0.062048399353620096 -0.044320285252585787 -0.035456228202068632 -0.017728114101034316 -0.017728114101034316 0.0 
0.0 0.0 0.0 0.0 -0.017353757490883071 -0.017353757490883071 -0.017353757490883071 -0.017353757490883071 -0.017353757490883071 0.0 0.0 0.0 0.0 0.0 0.0 0.0 0.0 0.0 0.0 0.022207365578074165 0.022207365578074165 0.022207365578074165 0.022207365578074165 0.022207365578074165 0.0 0.0 0.0 0.0 0.0 0.0 0.0051929632473591558 0.010385926494718312 0.021538503383541737 0.02451831020427387 0.040863850340456455 0.046823463981920728 0.044610307555293709 0.03345773066647028 0.030477923845738143 0.01413238370955556 -0.014748307280302181 -0.026592171151551474 -0.044320285252585787 -0.053184342303102941 -0.07091245640413725 -0.053184342303102941 -0.044320285252585787 -0.026592171151551474 -0.017728114101034316 0.0 
0.0 0.0 0.0 0.0 0.0 0.0 0.0 0.0 0.0 0.0 0.0 0.0 0.0 0.0 0.0 0.0 0.0 0.0 0.0 0.0 0.0 0.0 0.0 0.0 0.0 0.0 0.0 0.0 0.0 0.0 0.0051929632473591558 0.010385926494718312 0.021538503383541737 0.02451831020427387 0.02451831020427387 0.030477923845738143 0.028264767419111124 0.017112190530287695 0.01413238370955556 0.01413238370955556 -0.014748307280302181 -0.026592171151551474 -0.044320285252585787 -0.053184342303102941 -0.053184342303102941 -0.035456228202068632 -0.026592171151551474 -0.008864057050517158 0.0 0.0 
0.0 0.0 0.0 0.0 0.0 0.0 0.0 0.0 0.0 0.0 0.0 0.0 0.0 0.0 0.0 0.0 0.0 0.0 0.0 0.0 0.0 0.0 0.0 0.0 0.0 0.0 0.0 0.0 0.0 0.0 0.0 0.0051929632473591558 0.016345540136182581 0.019325346956914718 0.019325346956914718 0.019325346956914718 0.017112190530287699 0.0059596136414642705 0.0029798068207321352 0.0029798068207321352 0.0029798068207321352 -0.008864057050517158 -0.026592171151551474 -0.035456228202068632 -0.035456228202068632 -0.035456228202068632 -0.026592171151551474 -0.008864057050517158 0.0 0.0 
0.0 0.0 0.0 0.0 0.0 0.0 0.0 0.0 0.0 0.0 0.0 0.0 0.0 0.0 0.0 0.0 0.0 0.0 0.0 0.0 0.0 0.0 0.0 0.0 0.0 0.0 0.0 0.0 0.0 0.0 0.0 0.0 0.011152576888823425 0.014132383709555562 0.014132383709555562 0.014132383709555562 0.014132383709555562 0.0029798068207321352 0.0 0.0 0.0 0.0 -0.017728114101034316 -0.026592171151551474 -0.026592171151551474 -0.026592171151551474 -0.026592171151551474 -0.008864057050517158 0.0 0.0 
0.0 0.0 0.0 0.0 0.0 0.0 0.0 0.0 0.0 0.0 0.0 0.0 0.0 0.0 0.0 0.0 0.0 0.0 0.0 0.0 0.0 0.0 0.0 0.0 0.0 0.0 0.0 0.0 0.0 0.0 0.0 0.0 0.0 0.0029798068207321352 0.0029798068207321352 0.0029798068207321352 0.0029798068207321352 0.0029798068207321352 0.0 0.0 0.0 0.0 0.0 -0.008864057050517158 -0.008864057050517158 -0.008864057050517158 -0.008864057050517158 -0.008864057050517158 0.0 0.0 
0.0 0.0 0.0 0.0 0.0 0.0 0.0 0.0 0.0 0.0 0.0 0.0 0.0 0.0 0.0 0.0 0.0 0.0 0.0 0.0 0.0 0.0 0.0 0.0 0.0 0.0 0.0 0.0 0.0 0.0 0.0 0.0 0.0 0.0 0.0 0.0 0.0 0.0 -0.0022440112755318527 -0.0022440112755318527 -0.0022440112755318527 -0.0022440112755318527 -0.0022440112755318527 0.0 0.0 0.0 0.0 0.0 0.0 0.0 
0.0 0.0 0.0 0.0 0.0 0.0 0.0 0.0 0.0 0.0 0.0 0.0 0.0 0.0 0.0027187093128047107 0.0027187093128047107 0.0027187093128047107 0.0027187093128047107 0.0027187093128047107 0.0 0.0 0.0 0.0 0.0 0.0 0.0 0.0 0.0 0.0 0.0 0.0 0.0 0.0 0.0 0.0 0.0 0.0 0.0 -0.0022440112755318527 -0.0067320338265955577 -0.0067320338265955577 -0.0067320338265955577 -0.0067320338265955577 -0.0044880225510637054 0.0 0.0 0.0 0.0 0.0 0.0 
0.0 0.0 0.0 0.0 0.0 0.0 0.0 0.0 0.0 0.0 0.0 0.0 0.0 0.0 0.0027187093128047107 0.0054374186256094213 0.0054374186256094213 0.0054374186256094213 0.0054374186256094213 0.0027187093128047107 0.0 0.0 0.0 0.0 0.0 0.0 0.0 0.0 0.0 0.0 0.0 0.0 0.0 0.0 0.0 0.0 0.0 0.0 -0.0022440112755318527 -0.0067320338265955577 -0.011220056377659264 -0.011220056377659264 -0.011220056377659264 -0.0089760451021274109 -0.0044880225510637054 0.0 0.0 0.0 0.0 0.0 
0.0 0.0 0.0 0.0 0.0 0.0 0.0 0.0 0.0 0.0 0.0 0.0 0.0 0.0 0.0027187093128047107 0.0054374186256094213 0.0067967732820117767 0.0067967732820117767 0.0067967732820117767 0.004078063969207066 0.0013593546564023553 0.0 0.0 0.0 0.0 0.0 0.0 0.0 0.0 0.0 0.0 0.0 0.0 0.0 0.0 0.0 0.0 0.0 -0.0022440112755318527 -0.0067320338265955577 -0.011220056377659264 -0.013464067653191117 -0.013464067653191117 -0.011220056377659264 -0.0067320338265955577 -0.0022440112755318527 0.0 0.0 0.0 0.0 
0.0 0.0 0.0 0.0 0.0 0.0 0.0 0.0 0.0 0.0 0.0 0.0 0.0013593546564023553 0.0013593546564023553 0.004078063969207066 0.0067967732820117767 0.008156127938414132 0.008156127938414132 0.008156127938414132 0.0054374186256094213 0.0027187093128047107 0.0013593546564023553 0.0 0.0 0.0 0.0 0.0 0.0 0.0 0.0 0.0 0.0 0.0 0.0 0.0 0.0 0.0 -0.0022440112755318527 -0.0044880225510637054 -0.0089760451021274109 -0.013464067653191117 -0.01570807892872297 -0.01570807892872297 -0.013464067653191117 -0.0089760451021274109 -0.0044880225510637054 -0.0022440112755318527 0.0 0.0 0.0 
0.0 0.0 0.0 0.0 0.0 0.0 0.0 0.0 0.0 0.0 0.0 0.0 0.0013593546564023553 0.0027187093128047107 0.0054374186256094213 0.008156127938414132 0.0095154825948164865 0.0095154825948164865 0.008156127938414132 0.0054374186256094213 0.0027187093128047107 0.0013593546564023553 0.0 0.0 0.0 0.0 0.0 0.0 0.0 0.0 0.0 0.0 0.0 0.0 0.0 0.0 0.0 -0.0022440112755318527 -0.0022440112755318527 -0.0067320338265955577 -0.011220056377659264 -0.013464067653191117 -0.013464067653191117 -0.013464067653191117 -0.0089760451021274109 -0.0044880225510637054 -0.0022440112755318527 0.0 0.0 0.0 
0.0 0.0 0.0 0.0 0.0 0.0 0.0 0.0 0.0 0.0 0.0 0.0 0.0013593546564023553 0.0027187093128047107 0.0027187093128047107 0.0054374186256094213 0.0067967732820117767 0.0067967732820117767 0.0054374186256094213 0.0054374186256094213 0.0027187093128047107 0.0013593546564023553 0.0 0.0 0.0 0.0 0.0 0.0 0.0 0.0 0.0 0.0 0.0 0.0 0.0 0.0 0.0 -0.0022440112755318527 -0.0022440112755318527 -0.0022440112755318527 -0.0067320338265955577 -0.0089760451021274109 -0.0089760451021274109 -0.0089760451021274109 -0.0089760451021274109 -0.0044880225510637054 -0.0022440112755318527 0.0 0.0 0.0 
0.0 0.0 0.0 0.0 0.0 0.0 0.0 0.0 0.0 0.0 0.0 0.0 0.0013593546564023553 0.0027187093128047107 0.0027187093128047107 0.0027187093128047107 0.004078063969207066 0.004078063969207066 0.0027187093128047107 0.0027187093128047107 0.0027187093128047107 0.0013593546564023553 0.0 0.0 0.0 0.0 0.0 0.0 0.0 0.0 0.0 0.0 0.0 0.0 0.0 0.0 0.0 -0.0022440112755318527 -0.0022440112755318527 -0.0022440112755318527 -0.0022440112755318527 -0.0044880225510637054 -0.0044880225510637054 -0.0044880225510637054 -0.0044880225510637054 -0.0044880225510637054 -0.0022440112755318527 0.0 0.0 0.0 
0.0 0.0 0.0 0.0 0.0 0.0 0.0 0.0 0.0 0.0 0.0 0.0 0.0013593546564023553 0.0027187093128047107 0.0027187093128047107 0.0027187093128047107 0.0027187093128047107 0.0027187093128047107 0.0013593546564023553 0.0013593546564023553 0.0013593546564023553 0.0013593546564023553 0.0 0.0 0.0 0.0 0.0 0.0 0.0 0.0 0.0 0.0 0.0 0.0 0.0 0.0 0.0 -0.0022440112755318527 -0.0022440112755318527 -0.0022440112755318527 -0.0022440112755318527 -0.0022440112755318527 -0.0022440112755318527 -0.0022440112755318527 -0.0022440112755318527 -0.0022440112755318527 -0.0022440112755318527 0.0 0.0 0.0 
0.0 0.0 0.0 0.0 0.0 0.0 0.0 0.0 0.0 0.0 0.0 0.0 0.0 0.0013593546564023553 0.0013593546564023553 0.0013593546564023553 0.0013593546564023553 0.0013593546564023553 0.0 0.0 0.0 0.0 0.0 0.0 0.0 0.0 0.0 0.0 0.0 0.0 0.0 0.0 0.0 0.0 0.0 0.0 0.0 0.0 0.0 0.0 0.0 0.0 0.0 0.0 0.0 0.0 0.0 0.0 0.0 0.0 
0.0 0.0 0.0 0.0 0.0 0.0 0.0 0.0 0.0 0.0 0.0 0.0 0.0 0.0 0.0 0.0 0.0 0.0 0.0 0.0 0.0 0.0 0.0 0.0 0.0 0.0 0.0 0.0 0.0 0.0 0.0 0.0 0.0 0.0 0.0 0.0 0.0 0.0 0.0 0.0 0.0 0.0 0.0 0.0 0.0 0.0 0.0 0.0 0.0 0.0 
0.0 0.0 0.0 0.0 0.0 0.0 0.0 0.0 0.0 0.0 0.0 0.0 0.0 0.0 -0.004803916958679994 -0.004803916958679994 -0.004803916958679994 -0.004803916958679994 -0.004803916958679994 0.0 0.0 0.0 0.0 0.0 0.0 0.0 0.0 0.0 0.0 0.0 0.0 0.0 0.0 0.0 0.0 0.0 0.0 0.0 0.0 0.0 0.0 0.0 0.0 0.0 0.0 0.0 0.0 0.0 0.0 0.0 
0.0 0.0 0.0 0.0 0.0 0.0 0.0 0.0 0.0 0.0 0.0 0.0 0.0 0.0 -0.004803916958679994 -0.009607833917359988 -0.009607833917359988 -0.009607833917359988 -0.009607833917359988 -0.004803916958679994 0.0 0.0 0.0 0.0 0.0 0.0 0.0 0.0 0.0 0.0 0.0 0.0 0.0 0.0 0.0 0.0 0.0 0.0 0.0 0.0 0.0 0.0 0.0 0.0 0.0 0.0 0.0 0.0 0.0 0.0 
0.0 0.0 0.0 0.0 0.0 0.0 0.0 0.0 0.0 0.0 0.0 -0.002401958479339997 -0.002401958479339997 -0.002401958479339997 -0.0072058754380199905 -0.012009792396699985 -0.009607833917359988 -0.009607833917359988 -0.009607833917359988 -0.004803916958679994 0.0 -0.0095952305862913815 -0.0095952305862913815 -0.0095952305862913815 -0.0095952305862913815 -0.0095952305862913815 0.0 0.0 0.0 0.0 0.0 0.0 0.0 0.0 0.0 0.0 0.0 0.0 0.0 0.0 0.0 0.0 0.0 0.0 0.0 0.0 0.0 0.0 0.0 0.0 
0.0 0.0 0.0 0.0 0.0 0.0 0.0 0.0 0.0 0.0 0.0 -0.002401958479339997 -0.0072058754380199905 -0.0072058754380199905 -0.012009792396699985 -0.016813709355379979 -0.014411750876039983 -0.009607833917359988 -0.009607833917359988 -0.004803916958679994 0.0 -0.0095952305862913815 -0.028785691758874146 -0.028785691758874146 -0.028785691758874146 -0.028785691758874146 -0.019190461172582763 0.0 0.0 0.0 0.0 0.0 0.0 0.0 0.0 0.0 0.0 0.0 0.0 0.0 0.0 0.0 0.0 0.0 0.0 0.0 0.0 0.0 0.0 0.0 
0.0 0.0 0.0 0.0 0.0 0.0 0.0 0.0 0.0 0.0 0.0 -0.002401958479339997 -0.0072058754380199905 -0.012500791760899254 -0.017304708719579249 -0.022108625678259244 -0.019706667198919246 -0.014902750240239251 -0.009607833917359988 -0.004803916958679994 0.0 -0.0095952305862913815 -0.028785691758874146 -0.038380922345165526 -0.038380922345165526 -0.038380922345165526 -0.028785691758874146 -0.0095952305862913815 0.0 0.0 0.0 0.0 0.0 0.0 0.0 0.0 0.0 0.0 0.0 0.0 0.0 0.0 0.0 0.0 0.0 0.0 0.0 0.0 0.0 0.0 
0.0 0.0 0.0 0.0 0.0 0.0 0.0 0.0 0.0 0.0 0.0 -0.002401958479339997 -0.0072058754380199905 -0.012500791760899254 -0.018286707447977786 -0.023090624406657781 -0.020688665927317784 -0.015884748968637789 -0.010589832645758525 -0.004803916958679994 0.0 -0.0095952305862913815 -0.028785691758874146 -0.038380922345165526 -0.057571383517748285 -0.057571383517748285 -0.047976152931456906 -0.028785691758874146 -0.019190461172582763 0.0 0.0 0.0 0.0 0.0 0.0 0.0 0.0 0.0 0.0 0.0 0.0 0.0 0.0 0.0 0.0 0.0 0.0 0.0 0.0 0.0 
0.0 0.0 0.0 0.0 0.0 0.0 0.0 0.0 0.0 0.0 -0.0028929578435392656 -0.0052949163228792626 -0.010098833281559257 -0.01539374960443852 -0.02117966529151705 -0.02117966529151705 -0.018777706812177053 -0.013973789853497058 -0.0086788735306177964 -0.0028929578435392656 -0.019190461172582763 -0.028785691758874146 -0.047976152931456906 -0.057571383517748285 -0.076761844690331052 -0.057571383517748285 -0.047976152931456906 -0.028785691758874146 -0.019190461172582763 0.0 0.0 0.0 0.0 0.0 0.0 0.0 0.0 0.0 0.0 0.0 0.0 0.0 0.0 0.0 0.0 0.0 0.0 0.0 0.0 0.0 
0.0 0.0 0.0 0.0 0.0 0.0 0.0 0.0 0.0 0.0 -0.0028929578435392656 -0.0057859156870785312 -0.010589832645758525 -0.015884748968637789 -0.021670664655716317 -0.021670664655716317 -0.018777706812177053 -0.013973789853497058 -0.0086788735306177964 -0.0028929578435392656 -0.019190461172582763 -0.019190461172582763 -0.038380922345165526 -0.047976152931456906 -0.067166614104039665 -0.047976152931456906 -0.047976152931456906 -0.028785691758874146 -0.019190461172582763 0.0 0.0 0.0 0.0 0.0 0.0 0.0 0.0 0.0 0.0 0.0 0.0 0.0 0.0 0.0 0.0 0.0 0.0 0.0 0.0 0.0 
0.0 0.0 0.0 0.0 0.0 0.0 0.0 0.0 0.0 0.0 -0.0028929578435392656 -0.0057859156870785312 -0.011571831374157062 -0.016866747697036326 -0.022652663384114851 -0.022652663384114851 -0.019759705540575587 -0.013973789853497058 -0.0086788735306177964 -0.0028929578435392656 -0.019190461172582763 -0.019190461172582763 -0.019190461172582763 -0.028785691758874146 -0.047976152931456906 -0.028785691758874146 -0.028785691758874146 -0.028785691758874146 -0.019190461172582763 0.0 0.0 0.0 0.0 0.0 0.0 0.0 0.0 0.0 0.0 0.0 0.0 0.0 0.0 0.0 0.0 0.0 0.0 0.0 0.0 0.0 
0.0 0.0 0.0 0.0 0.0 0.0 0.0 0.0 0.0 0.0 -0.0028929578435392656 -0.0057859156870785312 -0.011571831374157062 -0.011571831374157062 -0.017357747061235593 -0.017357747061235593 -0.014464789217696328 -0.0086788735306177964 -0.0086788735306177964 -0.0028929578435392656 -0.019190461172582763 -0.019190461172582763 -0.019190461172582763 -0.019190461172582763 -0.038380922345165526 -0.019190461172582763 -0.019190461172582763 -0.019190461172582763 -0.019190461172582763 0.0 0.0 0.0 0.0 0.0 0.0 0.0 0.0 0.0 0.0 0.0 0.0 0.0 0.0 0.0 0.0 0.0 0.0 0.0 0.0 0.0 
0.0 0.0 0.0 0.0 0.0051518138104888868 0.0051518138104888868 0.0051518138104888868 0.0051518138104888868 0.0051518138104888868 0.0 -0.0028929578435392656 -0.0057859156870785312 -0.011571831374157062 -0.011571831374157062 -0.011571831374157062 -0.011571831374157062 -0.0086788735306177964 -0.0028929578435392656 -0.0028929578435392656 -0.0028929578435392656 -0.019190461172582763 -0.019190461172582763 -0.019190461172582763 -0.019190461172582763 -0.019190461172582763 0.0 0.0 0.0 0.0 0.0 0.0 0.0 0.0 0.0 -0.011810800471212864 -0.011810800471212864 -0.011810800471212864 -0.011810800471212864 -0.011810800471212864 0.0 0.0 0.0 0.0 0.0 0.0 0.0 0.0 0.0 0.0 0.0 
0.0 0.0 0.0 0.0 0.0051518138104888868 0.020513218976546999 0.020513218976546999 0.020513218976546999 0.020513218976546999 0.015361405166058113 0.0 -0.0028929578435392656 -0.0086788735306177964 -0.0086788735306177964 -0.0086788735306177964 -0.0086788735306177964 -0.0057859156870785312 0.0 0.0 0.0 0.0 0.0 0.0 0.0 0.0 0.0 0.0 0.0 0.0 0.0 -0.0059054002356064318 -0.0059054002356064318 -0.0059054002356064318 -0.0059054002356064318 -0.017716200706819295 -0.017716200706819295 -0.017716200706819295 -0.017716200706819295 -0.017716200706819295 -0.0059054002356064318 0.0 0.0 0.0 0.0 0.0 0.0 0.0 0.0 0.0 0.0 
0.0 0.0 0.0 0.0 0.0051518138104888868 0.020513218976546999 0.030722810332116227 0.030722810332116227 0.030722810332116227 0.025570996521627341 0.010209591355569227 0.0 -0.0057859156870785312 -0.0057859156870785312 -0.0057859156870785312 -0.0057859156870785312 -0.010927758013231328 -0.0051418423261527964 -0.0051418423261527964 -0.0051418423261527964 -0.0051418423261527964 0.0 0.0 0.0 0.0 0.0 0.0 0.0 0.0 0.0 -0.0059054002356064318 -0.011810800471212864 -0.011810800471212864 -0.011810800471212864 -0.023621600942425727 -0.023621600942425727 -0.017716200706819295 -0.017716200706819295 -0.017716200706819295 -0.0059054002356064318 0.0 0.0 0.0 0.0 0.0 0.0 0.0 0.0 0.0 0.0 
0.0 0.0 0.0 0.0 0.0051518138104888868 0.020513218976546999 0.030722810332116227 0.051141993043254688 0.051141993043254688 0.045990179232765799 0.030628774066707682 0.020419182711138455 0.0 0.0 0.0 0.0 -0.0051418423261527964 -0.015425526978458389 -0.015425526978458389 -0.015425526978458389 -0.015425526978458389 -0.010283684652305593 0.0 0.0 0.0 0.0 0.0 0.0 0.0 0.0 -0.0059054002356064318 -0.011810800471212864 -0.023621600942425727 -0.023621600942425727 -0.035432401413638591 -0.035432401413638591 -0.029527001178032159 -0.017716200706819295 -0.017716200706819295 -0.0059054002356064318 0.0 0.0 0.0 0.0 0.0 0.0 0.0 0.0 0.0 0.0 
0.0 0.0 0.0 0.0 0.0051518138104888868 0.020513218976546999 0.030722810332116227 0.051141993043254688 0.061351584398823919 0.05619977058833503 0.040838365422276909 0.030628774066707682 0.010209591355569227 0.0 0.0 0.0 -0.0051418423261527964 -0.015425526978458389 -0.020567369304611186 -0.020567369304611186 -0.020567369304611186 -0.015425526978458389 -0.0051418423261527964 0.0 0.0 0.0 0.0 0.0 0.0 0.0 -0.0059054002356064318 -0.011810800471212864 -0.023621600942425727 -0.029527001178032159 -0.041337801649245026 -0.041337801649245026 -0.035432401413638591 -0.023621600942425727 -0.017716200706819295 -0.0059054002356064318 0.0 0.0 0.0 0.0 0.0 0.0 0.0 0.0 0.0 0.0 
0.0 0.0 0.0 0.0 0.0 0.015361405166058113 0.025570996521627341 0.045990179232765799 0.05619977058833503 0.071467139488984602 0.056105734322926482 0.045896142967357251 0.025476960256218796 0.015267368900649569 -0.0055814303158844766 -0.0055814303158844766 -0.010723272642037273 -0.021006957294342866 -0.026148799620495662 -0.025709211630763982 -0.025709211630763982 -0.020567369304611186 -0.010283684652305593 -0.0051418423261527964 0.0 0.0 0.0 0.0 0.0 0.0 -0.0059054002356064318 -0.011810800471212864 -0.023621600942425727 -0.029527001178032159 -0.029527001178032159 -0.029527001178032159 -0.023621600942425727 -0.011810800471212864 -0.0059054002356064318 -0.0059054002356064318 0.0 0.0 0.0 0.0 0.0 0.0 0.0 0.0 0.0 0.0 
0.0 0.0 0.0 0.0 0.0 0.0050577775450803414 0.015267368900649569 0.03568655161178802 0.045896142967357251 0.061163511868006823 0.062385452343595299 0.052175860988026068 0.031756678276887614 0.021547086921318386 0.00069828770478434082 -0.01674429094765343 -0.021886133273806226 -0.032169817926111816 -0.037311660252264608 -0.036872072262532932 -0.025709211630763982 -0.020567369304611186 -0.010283684652305593 -0.0051418423261527964 0.0 0.0 0.0 0.0 0.0 0.0 0.0 -0.0059054002356064318 -0.017716200706819295 -0.023621600942425727 -0.023621600942425727 -0.023621600942425727 -0.017716200706819295 -0.0059054002356064318 0.0 0.0 0.0 0.0 0.0 0.0 0.0 0.0 0.0 0.0 0.0 0.0 
0.0 0.0 0.0 0.0 0.0 0.0050577775450803414 0.0050577775450803414 0.025476960256218796 0.03568655161178802 0.050953920512437592 0.052175860988026068 0.055315719998360477 0.034896537287222022 0.024686945931652795 0.0038381467151187496 -0.013604431937319021 -0.01718387893738511 -0.027467563589690703 -0.032609405915843492 -0.032169817926111816 -0.021006957294342866 -0.020567369304611186 -0.010283684652305593 -0.0051418423261527964 0.0 0.0 0.0 0.0 0.0 0.0 0.0 0.0 -0.011810800471212864 -0.017716200706819295 -0.017716200706819295 -0.017716200706819295 -0.017716200706819295 -0.0059054002356064318 0.0 0.0 0.0 0.0 0.0 0.0 0.0 0.0 0.0 0.0 0.0 0.0 
0.0 0.0 0.0 0.0 0.0 0.0050577775450803414 0.0050577775450803414 0.0050577775450803414 0.015267368900649569 0.030534737801299137 0.031756678276887614 0.034896537287222022 0.040736667318159156 0.030527075962589932 0.0096782767460558868 -0.007764301906381884 -0.011343748906447973 -0.01762346692711679 -0.022765309253269587 -0.022325721263537907 -0.011162860631768953 -0.010723272642037273 -0.010283684652305593 -0.0051418423261527964 0.0 0.0 0.0 0.0 0.0 0.0 0.0 0.0 0.0 -0.0059054002356064318 -0.0059054002356064318 -0.0059054002356064318 -0.0059054002356064318 -0.0059054002356064318 0.0 0.0 0.0 0.0 0.0 0.0 0.0 0.0 0.0 0.0 0.0 0.0 
0.0 0.0 0.0 0.0 0.0 0.0050577775450803414 0.0050577775450803414 0.0050577775450803414 0.0081976365554147501 0.023465005456064319 0.024686945931652795 0.027826804941987204 0.033666934972924341 0.030087487972858252 0.0092386887563242065 -0.0082038898961135642 -0.011783336896179653 -0.018063054916848471 -0.01762346692711679 -0.01718387893738511 -0.0060210183056161569 -0.0055814303158844766 -0.0051418423261527964 -0.0051418423261527964 0.0 0.0 0.0 0.0 0.0 0.0 0.0 0.0 0.0 0.0 0.0 0.0 0.0 0.0 0.0 0.0 0.0 0.0 0.0 0.0 0.0 0.0 0.0 0.0 0.0 0.0 
0.0 0.0 0.0 0.0 0.0 0.0050577775450803414 0.0050577775450803414 0.0050577775450803414 0.0081976365554147501 0.014477354576083568 0.015699295051672044 0.018839154062006452 0.02467928409294359 0.021099837092877501 0.014380531082477003 -0.0030620475699607679 -0.0066414945700268568 -0.012921212590695674 -0.012481624600963994 -0.012042036611232314 -0.00087917597946336019 -0.00043958798973168009 0.0 0.0 0.0 0.0 0.0 0.0 0.0 0.0 0.0 0.0 0.0 0.0 0.0 0.0 0.0 0.0 0.0 0.0 0.0 0.0 0.0 0.0 0.0 0.0 0.0 0.0 0.0 0.0 
